{
 "cells": [
  {
   "cell_type": "markdown",
   "metadata": {},
   "source": [
    "## Chapter2 Problem"
   ]
  },
  {
   "cell_type": "markdown",
   "metadata": {},
   "source": [
    "#### Problem 2.1\n",
    "Table 1 (Zener diode voltage/current data)\n",
    "\n",
    "| Voltage | -1.5   | -1.0 | -0.5   | 0.0 |\n",
    "|---------|--------|------|--------|-----|\n",
    "| Current | -3.375 | -1.0 | -0.125 | 0.0 |\n",
    "\n",
    "Table 2 (Additional voltage/current data)\n",
    "\n",
    "| Voltage | 1.0 | 2.0 | 3.0 | 4.0 | 4.1 | 4.2 | 4.5  |\n",
    "|---------|-----|-----|-----|-----|-----|-----|------|\n",
    "| Current | 0.0 | 0.0 | 0.0 | 0.0 | 1.0 | 3.0 | 10.0 |\n",
    "\n",
    "Table 3 (Pulse and step function data)\n",
    "\n",
    "| $x$      | -3 | -2 | -1 | 0 | 1 | 2 | 3 |\n",
    "|--------|----|----|----|---|---|---|---|\n",
    "| $y_{pulse}$ | 0  | 0  | 0  | 1 | 0 | 0 | 0 |\n",
    "| $y_{step}$  | 0  | 0  | 0  | 1 | 1 | 1 | 1 |\n",
    "\n",
    "*(Polynomial interpolation)* This computer experiment interpolates a given set of $n$ data points by\n",
    "\n",
    "- a polynomial\n",
    "- a linear spline which connects successive points by straight lines\n",
    "- a cubic spline with natural boundary conditions\n",
    "- a rational function 1. without poles, 2. with weithts according to Berrut, 3. or Floater-Hormann\n",
    "- Interpolate the data (Table 1) in the range $-1.5<x<0$.\n",
    "- Now add some more sample points (Table 2) for $-1.5<x<4.5$\n",
    "- Interpolate the function $f(x)=\\sin(x)$ at the points $x=0,\\frac{\\pi}{2},\\pi,\\frac{3\\pi}{2},2\\pi$. Take more sample points and check if the quality of the fit is improved.\n",
    "- Investigate the oscillatory behavior for a discontinuous pulse of step function as given by the data (Table 3)."
   ]
  },
  {
   "cell_type": "markdown",
   "metadata": {},
   "source": [
    "##### Destination Usage Example\n",
    "Example from `JuliaMath/Interpolations.jl`"
   ]
  },
  {
   "cell_type": "code",
   "execution_count": 1,
   "metadata": {},
   "outputs": [
    {
     "name": "stdout",
     "output_type": "stream",
     "text": [
      "interp_linear(3) = 1.0986122886681098\n",
      "interp_linear(3.1) = 1.1308815492368953\n",
      "interp_cubic(3) = 1.0986122886681098\n",
      "interp_cubic(3.1) = 1.1314023737384542\n"
     ]
    }
   ],
   "source": [
    "using Interpolations\n",
    "\n",
    "f(x) = log(x)\n",
    "xs = 1:0.2:5\n",
    "A = [f(x) for x in xs]\n",
    "\n",
    "# linear interpolation\n",
    "interp_linear = LinearInterpolation(xs, A)\n",
    "@show interp_linear(3) # exactly log(3)\n",
    "@show interp_linear(3.1) # approximately log(3.1)\n",
    "\n",
    "# cubic spline interpolation\n",
    "interp_cubic = CubicSplineInterpolation(xs, A)\n",
    "@show interp_cubic(3) # exactly log(3)\n",
    "@show interp_cubic(3.1) # approximately log(3.1);"
   ]
  },
  {
   "cell_type": "markdown",
   "metadata": {},
   "source": [
    "##### Experiment"
   ]
  },
  {
   "cell_type": "code",
   "execution_count": 2,
   "metadata": {},
   "outputs": [
    {
     "data": {
      "text/plain": [
       "LagrangePolynomialsInterpolation (generic function with 1 method)"
      ]
     },
     "execution_count": 2,
     "metadata": {},
     "output_type": "execute_result"
    }
   ],
   "source": [
    "function LagrangePolynomialsInterpolation(xs, ys)\n",
    "    function lagrange(x)\n",
    "        L = copy(ys)\n",
    "        for i in eachindex(xs)\n",
    "            for j in eachindex(xs)\n",
    "                if i == j\n",
    "                    continue\n",
    "                end\n",
    "                L[i] = L[i]*(x-xs[j])/(xs[i]-xs[j])\n",
    "            end\n",
    "        end\n",
    "        return sum(L)\n",
    "    end\n",
    "    return lagrange\n",
    "end"
   ]
  },
  {
   "cell_type": "code",
   "execution_count": 3,
   "metadata": {},
   "outputs": [
    {
     "name": "stdout",
     "output_type": "stream",
     "text": [
      "interp_lagrange(3) = 1.0986122886681098\n",
      "log(3) = 1.0986122886681098\n",
      "interp_lagrange(3.1) = 1.1314021114908486\n",
      "log(3.1) = 1.1314021114911006\n"
     ]
    }
   ],
   "source": [
    "interp_lagrange = LagrangePolynomialsInterpolation(xs, A)\n",
    "@show interp_lagrange(3)\n",
    "@show log(3)\n",
    "@show interp_lagrange(3.1) # approximately log(3.1);\n",
    "@show log(3.1);"
   ]
  },
  {
   "cell_type": "code",
   "execution_count": 4,
   "metadata": {},
   "outputs": [
    {
     "data": {
      "text/plain": [
       "NewtonInterpolation (generic function with 1 method)"
      ]
     },
     "execution_count": 4,
     "metadata": {},
     "output_type": "execute_result"
    }
   ],
   "source": [
    "# TODO\n",
    "function NewtonInterpolation(xs, ys)\n",
    "end"
   ]
  },
  {
   "cell_type": "code",
   "execution_count": 5,
   "metadata": {},
   "outputs": [
    {
     "data": {
      "text/plain": [
       "MyLinearSplineInterpolation (generic function with 1 method)"
      ]
     },
     "execution_count": 5,
     "metadata": {},
     "output_type": "execute_result"
    }
   ],
   "source": [
    "function MyLinearSplineInterpolation(xs, ys)\n",
    "    function linear(x)\n",
    "        y = 0\n",
    "        for i in 1:length(xs)-1\n",
    "            if xs[i] <= x < xs[i+1]\n",
    "                y = ys[i] + (ys[i+1]-ys[i])/(xs[i+1]-xs[i])*(x-xs[i])\n",
    "                break\n",
    "            end\n",
    "        end\n",
    "        return y        \n",
    "    end\n",
    "    return linear\n",
    "end"
   ]
  },
  {
   "cell_type": "code",
   "execution_count": 6,
   "metadata": {},
   "outputs": [
    {
     "name": "stdout",
     "output_type": "stream",
     "text": [
      "interp_linear(3) = 1.0986122886681098\n",
      "log(3) = 1.0986122886681098\n",
      "interp_linear(3.1) = 1.1308815492368953\n",
      "log(3.1) = 1.1314021114911006\n"
     ]
    }
   ],
   "source": [
    "interp_linear = MyLinearSplineInterpolation(xs, A)\n",
    "@show interp_linear(3)\n",
    "@show log(3)\n",
    "@show interp_linear(3.1) # approximately log(3.1);\n",
    "@show log(3.1);"
   ]
  },
  {
   "cell_type": "markdown",
   "metadata": {},
   "source": [
    "Using `JuliaMath/Interpolations.jl`"
   ]
  },
  {
   "cell_type": "code",
   "execution_count": 7,
   "metadata": {},
   "outputs": [
    {
     "name": "stdout",
     "output_type": "stream",
     "text": [
      "interp_linear(3) = 1.0986122886681098\n",
      "log(3) = 1.0986122886681098\n",
      "interp_linear(3.1) = 1.1308815492368953\n",
      "log(3.1) = 1.1314021114911006\n"
     ]
    }
   ],
   "source": [
    "interp_linear = LinearInterpolation(xs, A)\n",
    "@show interp_linear(3)\n",
    "@show log(3)\n",
    "@show interp_linear(3.1) # approximately log(3.1);\n",
    "@show log(3.1);"
   ]
  },
  {
   "cell_type": "code",
   "execution_count": 8,
   "metadata": {},
   "outputs": [
    {
     "name": "stdout",
     "output_type": "stream",
     "text": [
      "interp_cubic(3) = 1.0986122886681098\n",
      "log(3) = 1.0986122886681098\n",
      "interp_cubic(3.1) = 1.1314023737384542\n",
      "log(3.1) = 1.1314021114911006\n"
     ]
    }
   ],
   "source": [
    "interp_cubic = CubicSplineInterpolation(xs, A)\n",
    "@show interp_cubic(3)\n",
    "@show log(3)\n",
    "@show interp_cubic(3.1) # approximately log(3.1);\n",
    "@show log(3.1);"
   ]
  },
  {
   "cell_type": "code",
   "execution_count": 9,
   "metadata": {},
   "outputs": [
    {
     "name": "stdout",
     "output_type": "stream",
     "text": [
      "interp_linear(3) = 1.0986122886681098\n",
      "log(3) = 1.0986122886681098\n",
      "interp_linear(3.1) = 1.1308815492368953\n",
      "log(3.1) = 1.1314021114911006\n"
     ]
    }
   ],
   "source": [
    "interp_linear = MyLinearSplineInterpolation(xs, A)\n",
    "@show interp_linear(3)\n",
    "@show log(3)\n",
    "@show interp_linear(3.1) # approximately log(3.1);\n",
    "@show log(3.1);"
   ]
  },
  {
   "cell_type": "code",
   "execution_count": 10,
   "metadata": {},
   "outputs": [
    {
     "data": {
      "text/plain": [
       "MyCubicSplineInterpolation (generic function with 1 method)"
      ]
     },
     "execution_count": 10,
     "metadata": {},
     "output_type": "execute_result"
    }
   ],
   "source": [
    "function MyCubicSplineInterpolation(xs, ys)\n",
    "    # TODO\n",
    "end"
   ]
  },
  {
   "cell_type": "markdown",
   "metadata": {},
   "source": [
    "#### Problem 2.2\n",
    "\n",
    "Table 4 (Data set for two-dimensional interpolation)\n",
    "\n",
    "| $x$ | 0 | 1 | 2  | 0 | 1 | 2 | 0  | 1 | 2 |\n",
    "|---|---|---|----|---|---|---|----|---|---|\n",
    "| $y$ | 0 | 0 | 0  | 1 | 1 | 1 | 2  | 2 | 2 |\n",
    "| $f$ | 1 | 0 | -1 | 0 | 0 | 0 | -1 | 0 | 1 |\n",
    "\n",
    "This computer experiment uses bilinear interpolation or bicubic spline inter polation to interpolate the data (Table 4) on a finer grid $\\Delta x = \\Delta y = 0.1$.\n"
   ]
  },
  {
   "cell_type": "code",
   "execution_count": 11,
   "metadata": {},
   "outputs": [],
   "source": [
    "using Interpolations\n",
    "\n",
    "xs = [0, 1, 2]\n",
    "ys = [0, 1, 2]\n",
    "A = [1 0 -1; \n",
    "     0 0 0; \n",
    "    -1 0 1]\n",
    "\n",
    "interp_linear = LinearInterpolation((xs, ys), A)\n",
    "ys_space = xs_space = 0:0.1:2\n",
    "As = interp_linear(xs_space, ys_space);"
   ]
  },
  {
   "cell_type": "code",
   "execution_count": 12,
   "metadata": {},
   "outputs": [
    {
     "data": {
      "text/html": [
       "    <script type=\"text/javascript\">\n",
       "        requirejs([\"https://cdn.plot.ly/plotly-latest.min.js\"], function(p) {\n",
       "            window.Plotly = p\n",
       "        });\n",
       "    </script>\n"
      ]
     },
     "metadata": {},
     "output_type": "display_data"
    },
    {
     "data": {
      "application/vnd.plotly.v1+json": {
       "data": [
        {
         "colorbar": {
          "title": ""
         },
         "colorscale": [
          [
           0,
           "rgba(0, 0, 4, 1.000)"
          ],
          [
           0.034482758620689655,
           "rgba(4, 3, 20, 1.000)"
          ],
          [
           0.06896551724137931,
           "rgba(13, 8, 41, 1.000)"
          ],
          [
           0.10344827586206896,
           "rgba(24, 12, 60, 1.000)"
          ],
          [
           0.13793103448275862,
           "rgba(38, 12, 81, 1.000)"
          ],
          [
           0.1724137931034483,
           "rgba(54, 9, 97, 1.000)"
          ],
          [
           0.20689655172413793,
           "rgba(69, 10, 105, 1.000)"
          ],
          [
           0.2413793103448276,
           "rgba(84, 15, 109, 1.000)"
          ],
          [
           0.27586206896551724,
           "rgba(97, 19, 110, 1.000)"
          ],
          [
           0.3103448275862069,
           "rgba(111, 25, 110, 1.000)"
          ],
          [
           0.3448275862068966,
           "rgba(125, 30, 109, 1.000)"
          ],
          [
           0.3793103448275862,
           "rgba(140, 35, 105, 1.000)"
          ],
          [
           0.41379310344827586,
           "rgba(154, 40, 101, 1.000)"
          ],
          [
           0.4482758620689655,
           "rgba(166, 45, 96, 1.000)"
          ],
          [
           0.4827586206896552,
           "rgba(180, 51, 89, 1.000)"
          ],
          [
           0.5172413793103449,
           "rgba(193, 58, 80, 1.000)"
          ],
          [
           0.5517241379310345,
           "rgba(206, 67, 71, 1.000)"
          ],
          [
           0.5862068965517241,
           "rgba(216, 76, 62, 1.000)"
          ],
          [
           0.6206896551724138,
           "rgba(226, 87, 52, 1.000)"
          ],
          [
           0.6551724137931034,
           "rgba(235, 100, 41, 1.000)"
          ],
          [
           0.6896551724137931,
           "rgba(241, 115, 29, 1.000)"
          ],
          [
           0.7241379310344828,
           "rgba(247, 130, 18, 1.000)"
          ],
          [
           0.7586206896551724,
           "rgba(250, 144, 8, 1.000)"
          ],
          [
           0.7931034482758621,
           "rgba(252, 161, 8, 1.000)"
          ],
          [
           0.8275862068965517,
           "rgba(252, 178, 22, 1.000)"
          ],
          [
           0.8620689655172413,
           "rgba(250, 196, 42, 1.000)"
          ],
          [
           0.896551724137931,
           "rgba(246, 213, 67, 1.000)"
          ],
          [
           0.9310344827586207,
           "rgba(243, 229, 93, 1.000)"
          ],
          [
           0.9655172413793104,
           "rgba(242, 244, 130, 1.000)"
          ],
          [
           1,
           "rgba(252, 255, 164, 1.000)"
          ]
         ],
         "name": "y1",
         "opacity": null,
         "showlegend": false,
         "showscale": true,
         "type": "surface",
         "x": [
          1,
          2,
          3,
          4,
          5,
          6,
          7,
          8,
          9,
          10,
          11,
          12,
          13,
          14,
          15,
          16,
          17,
          18,
          19,
          20,
          21
         ],
         "xaxis": "x1",
         "y": [
          1,
          2,
          3,
          4,
          5,
          6,
          7,
          8,
          9,
          10,
          11,
          12,
          13,
          14,
          15,
          16,
          17,
          18,
          19,
          20,
          21
         ],
         "yaxis": "y1",
         "z": [
          [
           1,
           0.9,
           0.8,
           0.7,
           0.6,
           0.5,
           0.4,
           0.30000000000000004,
           0.19999999999999996,
           0.09999999999999998,
           0,
           -0.10000000000000009,
           -0.19999999999999996,
           -0.30000000000000004,
           -0.3999999999999999,
           -0.5,
           -0.6000000000000001,
           -0.7,
           -0.8,
           -0.8999999999999999,
           -1
          ],
          [
           0.9,
           0.81,
           0.7200000000000001,
           0.63,
           0.54,
           0.45,
           0.36000000000000004,
           0.2700000000000001,
           0.17999999999999997,
           0.08999999999999998,
           0,
           -0.09000000000000008,
           -0.17999999999999997,
           -0.2700000000000001,
           -0.35999999999999993,
           -0.45,
           -0.5400000000000001,
           -0.63,
           -0.7200000000000001,
           -0.8099999999999999,
           -0.9
          ],
          [
           0.8,
           0.7200000000000001,
           0.6400000000000001,
           0.5599999999999999,
           0.48,
           0.4,
           0.32000000000000006,
           0.24000000000000005,
           0.15999999999999998,
           0.07999999999999999,
           0,
           -0.08000000000000007,
           -0.15999999999999998,
           -0.24000000000000005,
           -0.31999999999999995,
           -0.4,
           -0.4800000000000001,
           -0.5599999999999999,
           -0.6400000000000001,
           -0.72,
           -0.8
          ],
          [
           0.7,
           0.63,
           0.5599999999999999,
           0.48999999999999994,
           0.42,
           0.35,
           0.27999999999999997,
           0.21000000000000002,
           0.13999999999999996,
           0.06999999999999998,
           0,
           -0.07000000000000006,
           -0.13999999999999996,
           -0.21000000000000002,
           -0.2799999999999999,
           -0.35,
           -0.42000000000000004,
           -0.48999999999999994,
           -0.5599999999999999,
           -0.6299999999999999,
           -0.7
          ],
          [
           0.6,
           0.54,
           0.48,
           0.42,
           0.36,
           0.3,
           0.24,
           0.18000000000000002,
           0.11999999999999997,
           0.059999999999999984,
           0,
           -0.06000000000000005,
           -0.11999999999999997,
           -0.18000000000000002,
           -0.23999999999999994,
           -0.3,
           -0.36000000000000004,
           -0.42,
           -0.48,
           -0.5399999999999999,
           -0.6
          ],
          [
           0.5,
           0.45,
           0.4,
           0.35,
           0.3,
           0.25,
           0.2,
           0.15000000000000002,
           0.09999999999999998,
           0.04999999999999999,
           0,
           -0.050000000000000044,
           -0.09999999999999998,
           -0.15000000000000002,
           -0.19999999999999996,
           -0.25,
           -0.30000000000000004,
           -0.35,
           -0.4,
           -0.44999999999999996,
           -0.5
          ],
          [
           0.4,
           0.36000000000000004,
           0.32000000000000006,
           0.27999999999999997,
           0.24,
           0.2,
           0.16000000000000003,
           0.12000000000000002,
           0.07999999999999999,
           0.039999999999999994,
           0,
           -0.040000000000000036,
           -0.07999999999999999,
           -0.12000000000000002,
           -0.15999999999999998,
           -0.2,
           -0.24000000000000005,
           -0.27999999999999997,
           -0.32000000000000006,
           -0.36,
           -0.4
          ],
          [
           0.30000000000000004,
           0.2700000000000001,
           0.24000000000000005,
           0.21000000000000002,
           0.18000000000000002,
           0.15000000000000002,
           0.12000000000000002,
           0.09000000000000002,
           0.06,
           0.03,
           0,
           -0.03000000000000003,
           -0.06,
           -0.09000000000000002,
           -0.12,
           -0.15000000000000002,
           -0.18000000000000005,
           -0.21000000000000002,
           -0.24000000000000005,
           -0.27,
           -0.30000000000000004
          ],
          [
           0.19999999999999996,
           0.17999999999999997,
           0.15999999999999998,
           0.13999999999999996,
           0.11999999999999997,
           0.09999999999999998,
           0.07999999999999999,
           0.06,
           0.03999999999999998,
           0.01999999999999999,
           0,
           -0.020000000000000014,
           -0.03999999999999998,
           -0.06,
           -0.07999999999999996,
           -0.09999999999999998,
           -0.12,
           -0.13999999999999996,
           -0.15999999999999998,
           -0.17999999999999994,
           -0.19999999999999996
          ],
          [
           0.09999999999999998,
           0.08999999999999998,
           0.07999999999999999,
           0.06999999999999998,
           0.059999999999999984,
           0.04999999999999999,
           0.039999999999999994,
           0.03,
           0.01999999999999999,
           0.009999999999999995,
           0,
           -0.010000000000000007,
           -0.01999999999999999,
           -0.03,
           -0.03999999999999998,
           -0.04999999999999999,
           -0.06,
           -0.06999999999999998,
           -0.07999999999999999,
           -0.08999999999999997,
           -0.09999999999999998
          ],
          [
           0,
           0,
           0,
           0,
           0,
           0,
           0,
           0,
           0,
           0,
           0,
           0,
           0,
           0,
           0,
           0,
           0,
           0,
           0,
           0,
           0
          ],
          [
           -0.10000000000000009,
           -0.09000000000000008,
           -0.08000000000000007,
           -0.07000000000000006,
           -0.06000000000000005,
           -0.050000000000000044,
           -0.040000000000000036,
           -0.03000000000000003,
           -0.020000000000000014,
           -0.010000000000000007,
           0,
           0.010000000000000018,
           0.020000000000000014,
           0.03000000000000003,
           0.04000000000000003,
           0.050000000000000044,
           0.06000000000000006,
           0.07000000000000006,
           0.08000000000000007,
           0.09000000000000007,
           0.10000000000000009
          ],
          [
           -0.19999999999999996,
           -0.17999999999999997,
           -0.15999999999999998,
           -0.13999999999999996,
           -0.11999999999999997,
           -0.09999999999999998,
           -0.07999999999999999,
           -0.06,
           -0.03999999999999998,
           -0.01999999999999999,
           0,
           0.020000000000000014,
           0.03999999999999998,
           0.06,
           0.07999999999999996,
           0.09999999999999998,
           0.12,
           0.13999999999999996,
           0.15999999999999998,
           0.17999999999999994,
           0.19999999999999996
          ],
          [
           -0.30000000000000004,
           -0.2700000000000001,
           -0.24000000000000005,
           -0.21000000000000002,
           -0.18000000000000002,
           -0.15000000000000002,
           -0.12000000000000002,
           -0.09000000000000002,
           -0.06,
           -0.03,
           0,
           0.03000000000000003,
           0.06,
           0.09000000000000002,
           0.12,
           0.15000000000000002,
           0.18000000000000005,
           0.21000000000000002,
           0.24000000000000005,
           0.27,
           0.30000000000000004
          ],
          [
           -0.3999999999999999,
           -0.35999999999999993,
           -0.31999999999999995,
           -0.2799999999999999,
           -0.23999999999999994,
           -0.19999999999999996,
           -0.15999999999999998,
           -0.12,
           -0.07999999999999996,
           -0.03999999999999998,
           0,
           0.04000000000000003,
           0.07999999999999996,
           0.12,
           0.15999999999999992,
           0.19999999999999996,
           0.24,
           0.2799999999999999,
           0.31999999999999995,
           0.3599999999999999,
           0.3999999999999999
          ],
          [
           -0.5,
           -0.45,
           -0.4,
           -0.35,
           -0.3,
           -0.25,
           -0.2,
           -0.15000000000000002,
           -0.09999999999999998,
           -0.04999999999999999,
           0,
           0.050000000000000044,
           0.09999999999999998,
           0.15000000000000002,
           0.19999999999999996,
           0.25,
           0.30000000000000004,
           0.35,
           0.4,
           0.44999999999999996,
           0.5
          ],
          [
           -0.6000000000000001,
           -0.5400000000000001,
           -0.4800000000000001,
           -0.42000000000000004,
           -0.36000000000000004,
           -0.30000000000000004,
           -0.24000000000000005,
           -0.18000000000000005,
           -0.12,
           -0.06,
           0,
           0.06000000000000006,
           0.12,
           0.18000000000000005,
           0.24,
           0.30000000000000004,
           0.3600000000000001,
           0.42000000000000004,
           0.4800000000000001,
           0.54,
           0.6000000000000001
          ],
          [
           -0.7,
           -0.63,
           -0.5599999999999999,
           -0.48999999999999994,
           -0.42,
           -0.35,
           -0.27999999999999997,
           -0.21000000000000002,
           -0.13999999999999996,
           -0.06999999999999998,
           0,
           0.07000000000000006,
           0.13999999999999996,
           0.21000000000000002,
           0.2799999999999999,
           0.35,
           0.42000000000000004,
           0.48999999999999994,
           0.5599999999999999,
           0.6299999999999999,
           0.7
          ],
          [
           -0.8,
           -0.7200000000000001,
           -0.6400000000000001,
           -0.5599999999999999,
           -0.48,
           -0.4,
           -0.32000000000000006,
           -0.24000000000000005,
           -0.15999999999999998,
           -0.07999999999999999,
           0,
           0.08000000000000007,
           0.15999999999999998,
           0.24000000000000005,
           0.31999999999999995,
           0.4,
           0.4800000000000001,
           0.5599999999999999,
           0.6400000000000001,
           0.72,
           0.8
          ],
          [
           -0.8999999999999999,
           -0.8099999999999999,
           -0.72,
           -0.6299999999999999,
           -0.5399999999999999,
           -0.44999999999999996,
           -0.36,
           -0.27,
           -0.17999999999999994,
           -0.08999999999999997,
           0,
           0.09000000000000007,
           0.17999999999999994,
           0.27,
           0.3599999999999999,
           0.44999999999999996,
           0.54,
           0.6299999999999999,
           0.72,
           0.8099999999999998,
           0.8999999999999999
          ],
          [
           -1,
           -0.9,
           -0.8,
           -0.7,
           -0.6,
           -0.5,
           -0.4,
           -0.30000000000000004,
           -0.19999999999999996,
           -0.09999999999999998,
           0,
           0.10000000000000009,
           0.19999999999999996,
           0.30000000000000004,
           0.3999999999999999,
           0.5,
           0.6000000000000001,
           0.7,
           0.8,
           0.8999999999999999,
           1
          ]
         ],
         "zmax": 1,
         "zmin": -1
        }
       ],
       "layout": {
        "annotations": [],
        "height": 400,
        "legend": {
         "bgcolor": "rgba(255, 255, 255, 1.000)",
         "bordercolor": "rgba(0, 0, 0, 1.000)",
         "font": {
          "color": "rgba(0, 0, 0, 1.000)",
          "family": "sans-serif",
          "size": 11
         },
         "tracegroupgap": 0,
         "x": 1,
         "y": 1
        },
        "margin": {
         "b": 20,
         "l": 0,
         "r": 0,
         "t": 20
        },
        "paper_bgcolor": "rgba(255, 255, 255, 1.000)",
        "plot_bgcolor": "rgba(255, 255, 255, 1.000)",
        "scene": {
         "camera": {
          "eye": {
           "x": 1.12583302491977,
           "y": -1.9499999999999997,
           "z": 1.3
          }
         },
         "xaxis": {
          "anchor": "y1",
          "domain": [
           0.03619130941965587,
           0.9934383202099738
          ],
          "gridcolor": "rgba(0, 0, 0, 0.100)",
          "gridwidth": 0.5,
          "linecolor": "rgba(0, 0, 0, 1.000)",
          "mirror": false,
          "range": [
           1,
           21
          ],
          "showgrid": true,
          "showline": true,
          "showticklabels": true,
          "tickangle": 0,
          "tickcolor": "rgb(0, 0, 0)",
          "tickfont": {
           "color": "rgba(0, 0, 0, 1.000)",
           "family": "sans-serif",
           "size": 11
          },
          "tickmode": "array",
          "ticks": "inside",
          "ticktext": [
           "5",
           "10",
           "15",
           "20"
          ],
          "tickvals": [
           5,
           10,
           15,
           20
          ],
          "title": "",
          "titlefont": {
           "color": "rgba(0, 0, 0, 1.000)",
           "family": "sans-serif",
           "size": 15
          },
          "type": "-",
          "visible": true,
          "zeroline": false,
          "zerolinecolor": "rgba(0, 0, 0, 1.000)"
         },
         "yaxis": {
          "anchor": "x1",
          "domain": [
           0.03762029746281716,
           0.9901574803149606
          ],
          "gridcolor": "rgba(0, 0, 0, 0.100)",
          "gridwidth": 0.5,
          "linecolor": "rgba(0, 0, 0, 1.000)",
          "mirror": false,
          "range": [
           1,
           21
          ],
          "showgrid": true,
          "showline": true,
          "showticklabels": true,
          "tickangle": 0,
          "tickcolor": "rgb(0, 0, 0)",
          "tickfont": {
           "color": "rgba(0, 0, 0, 1.000)",
           "family": "sans-serif",
           "size": 11
          },
          "tickmode": "array",
          "ticks": "inside",
          "ticktext": [
           "5",
           "10",
           "15",
           "20"
          ],
          "tickvals": [
           5,
           10,
           15,
           20
          ],
          "title": "",
          "titlefont": {
           "color": "rgba(0, 0, 0, 1.000)",
           "family": "sans-serif",
           "size": 15
          },
          "type": "-",
          "visible": true,
          "zeroline": false,
          "zerolinecolor": "rgba(0, 0, 0, 1.000)"
         },
         "zaxis": {
          "gridcolor": "rgba(0, 0, 0, 0.100)",
          "gridwidth": 0.5,
          "linecolor": "rgba(0, 0, 0, 1.000)",
          "mirror": false,
          "range": [
           -1,
           1
          ],
          "showgrid": true,
          "showline": true,
          "showticklabels": true,
          "tickangle": 0,
          "tickcolor": "rgb(0, 0, 0)",
          "tickfont": {
           "color": "rgba(0, 0, 0, 1.000)",
           "family": "sans-serif",
           "size": 11
          },
          "tickmode": "array",
          "ticks": "inside",
          "ticktext": [
           "-1.0",
           "-0.5",
           "0.0",
           "0.5",
           "1.0"
          ],
          "tickvals": [
           -1,
           -0.5,
           0,
           0.5,
           1
          ],
          "title": "",
          "titlefont": {
           "color": "rgba(0, 0, 0, 1.000)",
           "family": "sans-serif",
           "size": 15
          },
          "type": "-",
          "visible": true,
          "zeroline": false,
          "zerolinecolor": "rgba(0, 0, 0, 1.000)"
         }
        },
        "showlegend": true,
        "width": 600
       }
      },
      "text/html": [
       "    <div id=\"76a4e55d-6c18-4ca6-96d7-dc52f3ee8ce3\" style=\"width:600px;height:400px;\"></div>\n",
       "    <script>\n",
       "    PLOT = document.getElementById('76a4e55d-6c18-4ca6-96d7-dc52f3ee8ce3');\n",
